USER INFORMATION: 
20857

Jerry
L
Becker

"242, rue de Cambrai"

Orly
Val de Marne
France
94310
1 (11) 500 555-0122
10/19/1969 12:00:00 AM Utc
Partial College
Manual
M
S
0
1
0
0
19194